Number=1

Type(1)="Port"
Long(1)=-20.286147
Long(1)=-40.247418
